T 192 9837 853 4261
W 522 4753 8764
T 344 6424 114 285
D 523 4725 7929
B 862 6833
W 471 2841 6001
O 344 6424 4574
D 375 6390 7383
Q 294 3628
W 946 5162 9151
D 162 6992 3906
T 789 5039 558 1643
O 946 5162 5021
Q 186 4042
D 779 8199 493
W 862 5356 1811
T 712 5329 523 7573
W 953 3239 2086
T 186 4042 678 6951
B 173 3433
Q 192 9837
O 853 2117 5873
B 900 2841
O 162 6992 4042
T 678 8858 173 8702
B 556 4089
Q 622 5028
O 779 8199 6758
W 622 5028 2257
O 911 5508 9076
Q 990 7473
B 518 4089
B 186 4042
Q 862 6833
O 522 4753 4863
O 375 6390 5408
W 862 6833 1177
T 198 5039 946 5828
O 451 4769 9760
B 853 2117
B 471 2841
O 622 5028 5722
Q 678 8858
W 162 6992 4158
W 198 5039 7812
D 527 0670 4636
Q 523 4725
O 344 6424 1946
D 451 4769 4563
B 527 0670
D 342 5763 7718
T 696 6390 471 3896
W 946 5162 6107
D 471 2841 8736
T 375 6390 911 3963
B 779 8199
O 688 6175 5655
D 518 4089 8090
T 471 2841 718 3198
O 162 6992 5670
T 451 4769 523 3893
O 109 9399 6515
W 153 4131 8419
O 918 3949 1434
O 862 6833 7908
B 153 4131
W 678 8858 4276
T 918 3949 344 1113
D 198 5039 9632
W 712 5329 7841
O 712 5329 3599
W 186 4042 6075
Q 186 4042
D 688 5155 3978
Q 712 5329
B 169 4089
O 109 9399 8548
Q 471 2841
W 342 5763 9617
T 527 0670 186 9179
W 918 3949 9454
B 471 2841
B 153 4131
T 471 9143 862 6974
D 153 4131 169
T 294 3628 523 7547
Q 622 5028
D 522 4753 3932
W 471 2841 9348
Q 471 2841
W 192 9837 857
D 712 5329 6787
D 344 6424 5813
Q 186 4042
W 162 6992 9145
B 186 4042
B 522 4753
B 918 3949
D 678 8858 4343
D 527 0670 5388
W 556 4089 1876
Q 471 2841
B 489 4753
Q 712 5329
B 779 8199
B 471 2841
T 911 5508 556 7005
B 518 4089
T 688 6175 173 4175
Q 946 5162
B 523 4725
O 192 9837 577
B 471 2841
O 192 9837 6755
D 153 4131 1386
W 162 3184 4690
B 153 4131
O 853 2117 5535
B 946 5162
W 779 8199 1489
O 522 4753 3588
Q 779 8199
T 911 5508 294 2878
W 946 5162 2697
W 294 3628 1041
B 953 3239
W 523 4725 4456
W 523 4725 7856
B 808 4131
W 990 7473 5298
T 198 5039 153 7903
O 853 2117 7442
T 518 4089 471 6280
B 622 5028
W 779 8199 867
B 622 5028
T 471 8045 946 9187
Q 918 3949
Q 725 5028
T 522 4568 173 5544
D 451 4769 7709
D 523 4725 9146
B 853 2117
W 375 1263 3590
Q 471 2841
O 186 4042 4949
W 471 3096 7905
W 853 2117 4735
O 451 4769 2151
O 678 8858 161
T 346 3309 109 1318
W 968 8858 5315
W 294 3628 4862
O 853 2117 4450
Q 192 9837
Q 990 7473
B 556 4089
O 853 2117 425
D 946 5162 4079
T 918 3949 556 4881
D 109 9399 5807
Q 953 3239
B 678 8858
B 375 6390
B 585 4131
T 707 2117 162 3529
W 471 2841 2986
Q 198 5039
D 672 4769 5430
O 451 4769 5923
D 342 5763 7171
O 527 0670 3404
B 451 4769
O 518 4089 2745
T 109 9399 342 6731
T 946 5162 990 2286
B 471 2841
B 375 6390
D 375 6390 853
Q 523 4725
W 186 4042 9732
T 153 4131 109 6964
D 451 4769 451
Q 622 5028
B 953 3239
B 344 8045
W 573 5763 2340
W 162 2241 3035
O 342 5763 7874
T 198 5039 754 5270
B 522 7154
B 518 4089
O 946 5162 1471
Q 720 5763
D 286 3949 7982
T 780 7473 518 6486
W 953 3239 4948
B 853 2117
D 109 9399 2441
T 918 3949 173 1714
O 688 6175 2059
B 366 3949
D 622 5028 9057
O 990 7473 6849
O 712 5329 4106
D 153 4131 4575
D 162 6992 9484
D 911 5508 9126