O 186 4042 7633
W 678 8858 9618
T 984 7473 946 9999
T 522 4753 579 5854
Q 853 3702
B 946 5162
Q 471 2841
W 192 9837 5118
O 622 5028 8576
T 162 6992 173 5556
W 556 4089 9379
Q 342 5763
B 471 2841
D 173 3433 1878
T 192 9837 712 9085
W 712 5329 3587
W 522 4753 6000
Q 186 4042
W 153 4131 8546
T 173 3433 527 5814
O 853 2117 1811
O 911 5508 5130
W 918 3949 5754
Q 760 3433
T 622 5028 342 5231
O 451 4769 730
W 471 2841 1053
Q 527 0670
D 972 5508 5224
Q 173 3433
W 556 4089 3604
T 946 5162 779 4050
O 198 5039 7760
T 471 2841 990 7480
W 294 3628 7972
T 522 4753 523 3943
Q 294 3628
B 712 4633
W 522 4753 1378
W 173 3433 6480
B 153 4131
T 162 6992 344 8452
W 344 6976 7640
B 779 8199
Q 451 4769
D 527 0670 6916
B 344 6424
T 862 6833 779 9474
Q 853 2117
T 207 4753 342 982
Q 853 2117
T 518 4089 192 9768
D 918 6435 146
B 779 8199
T 862 6833 853 2174
D 198 9386 6080
W 374 7473 1309
W 712 5329 2829
W 522 4753 2630
O 153 4131 5812
Q 946 5162
Q 173 3433
D 712 5329 7773
T 853 2117 779 962
Q 622 5028
O 622 5028 7499
W 162 6992 974
W 461 4769 5730
Q 556 4089
T 518 4089 911 7346
W 990 7473 8058
O 186 4042 7206
T 911 5508 344 1771
T 375 6390 518 4356
Q 678 8858
D 518 4089 2435
O 853 2117 7510
W 299 4089 5902
T 853 2117 162 1224
B 192 9837
D 518 4089 2478
T 153 4131 198 9195
D 678 8858 9126
D 990 7473 1980
O 688 6175 1916
T 294 3628 344 772
Q 109 9399
D 556 4089 3058
T 344 6424 471 3590
T 527 0670 342 8855
O 162 6992 1472
B 518 4089
Q 779 8199
D 862 6833 2702
W 556 4089 3092
O 862 6833 597
T 946 5162 522 5842
D 782 2117 6493
O 946 5162 3364
T 524 4089 688 232
T 712 9237 375 9819
T 688 6175 911 4923
B 523 4725
Q 522 4753
B 622 5028
O 911 5508 481
Q 622 5028
W 294 3628 8988
B 946 3163
Q 712 5329
W 712 5329 5586
W 375 6390 1362
O 192 9837 5479
W 186 4042 2669
D 375 6390 1964
B 294 3628
Q 678 8858
T 198 5039 173 2738
W 953 3239 3428
W 835 3239 7058
Q 911 5508
W 862 6833 3539
O 622 5028 1847
T 918 3949 556 8419
T 198 5039 862 2864
B 576 4042
O 779 8199 4530
D 114 7473 3481
O 162 6992 197
D 556 4089 4230
B 862 6833
O 556 4089 5847
T 622 5028 162 983
B 186 4042
B 853 2117
B 471 2841
B 918 3949
T 953 3239 779 748
Q 518 4089
B 779 8199
W 162 6992 689
B 996 7473
B 990 7473
D 853 0899 4303
O 712 5329 6488
W 862 6833 9106
W 911 5508 7865
W 862 6833 2215
T 186 8604 134 8379
O 946 5162 8991
Q 192 9837
D 153 4131 1214
B 946 5162
O 622 5028 7012
B 471 2841
W 522 4753 6461
O 779 8199 6763
Q 342 5763
O 344 6424 4539
T 162 6992 109 6919
Q 272 4042
W 853 2117 5553
T 471 2841 946 5302
W 712 5329 3046
T 375 6600 678 604
T 522 4753 744 8374
W 192 9837 5106
W 342 5763 9919
O 953 3239 2430
O 911 5508 6876
T 862 6833 471 8977
T 779 8595 556 409
T 353 6175 162 7302
B 678 8858
O 918 3949 4711
B 109 9399
O 375 6390 5436
T 946 5162 192 572
O 678 8858 6896
B 375 6390
D 527 2576 2021
T 109 9399 294 7629
D 518 4089 1340
D 518 4089 7913
T 342 5763 556 8973
Q 342 5370
B 342 5763
Q 192 9837
W 344 6424 8330
W 953 3239 7673
D 523 4725 1890
W 162 6992 927
D 678 8858 5257
Q 342 8247
W 990 7473 4408
O 556 4089 4920
D 918 4287 873
D 198 5039 8198
B 294 3628
W 380 4725 6264
W 407 6175 730
T 918 3949 918 9462
Q 294 3628
O 918 3949 4670
W 518 4089 5454
D 294 3628 7865
D 862 6833 1014
W 342 4302 6517
W 712 5329 4775
D 648 6324 3163
O 173 3433 1638
D 518 4089 4005
Q 622 5028
O 294 3628 2954
B 646 4089
D 162 6992 4741
D 375 6390 7428
W 853 2117 1582
T 186 4042 186 5976
B 918 3949
B 344 6424
O 344 6424 8083
W 192 9875 3026
Q 109 9399
T 556 4089 779 6994
T 622 5028 294 672
B 153 4131
T 523 4725 109 9231
W 173 3433 4029
Q 712 5329
O 688 6175 5568
W 779 5070 6947
D 953 3239 2709
Q 556 4089
Q 678 8858
W 853 2117 7552
O 990 7473 8473
W 911 5508 8266
B 946 5162
D 862 6833 8120
D 294 3628 8052
Q 523 4725
B 911 5508
W 344 6424 6158
D 678 8858 6264
Q 294 3628
Q 471 2841
Q 375 6390
B 103 5329
T 678 8858 678 431
O 918 3949 6375
T 351 5329 853 3137
Q 622 5028
T 953 3239 631 9783
Q 779 8199
D 342 5763 5725
W 153 4131 4189
T 522 4753 186 2348
T 523 4725 990 3009
D 527 0670 6911
B 173 3433
O 518 4089 8245
Q 375 6390
D 375 6390 4614
B 344 6424
T 198 5039 523 3974
D 911 5508 5730
B 198 5039
W 523 4725 7204
Q 109 9399
B 688 6175
W 186 4042 6512
O 162 6992 4682
W 162 6992 3003
T 779 8199 911 471
B 192 9837
O 471 2841 1188
T 779 8199 342 6577
T 579 8858 165 5082
D 960 4753 102
W 186 4042 2247
D 953 3239 3929
O 173 3433 7401
T 990 7473 192 705
O 953 3239 2269
D 523 4725 6649
T 946 5162 853 9373
D 109 9399 9142
Q 688 6175
D 173 3433 9901
T 471 2841 827 1849
O 779 8199 7136
B 522 4753
W 622 5028 9894
T 522 4753 375 2602
W 678 8858 2774
T 678 8858 712 4454
B 918 3949
T 990 7473 678 7627
W 911 5508 5998
T 622 5028 622 6807
Q 862 6833
B 678 0990
W 622 5028 8464
W 186 4042 1014
T 162 6992 712 6781
D 344 6424 7411
Q 162 6992
O 527 0670 6195
O 712 5329 5876
W 162 4965 1397
T 918 3949 946 1769
B 186 4042
Q 153 4131
W 515 6175 4548
Q 911 5508
T 953 3239 192 2007
Q 688 6175
O 678 8858 1780
W 518 4089 7533
D 853 2117 9797
Q 109 9399
O 451 4769 78
T 294 3628 688 2909
W 853 2117 4331
W 911 5508 2156
W 344 6424 927
D 294 3628 4593
T 186 4042 375 4350
O 946 5162 5370